                   Time      Tau_max      Packets           Destroyed           Escaped           Scatterings          Elapsed time (s)            Mean J            Median J            Min J            Max J
----------------------------------------------------------------------------------------------------------------------------------------------------------------------------------------------------------------
2020-09-15T06:38:15.523         20.0      1.0e+13         1.56249e+08            552752           1.56866e+08                 847.2                                                                            
2020-09-15T14:13:48.626         20.0      1.0e+12         1.55126e+07             33740           1.55526e+07                 148.4
2020-09-16T08:57:56.043         20.0      1.0e+13         1.56247e+08            553927           1.56866e+08                 440.4
2020-09-16T09:10:45.262         20.0      5.0e+12         7.80492e+07            250060           7.83316e+07                 251.0
2020-09-16T09:20:28.927         20.0      5.0e+12         7.80494e+07            249823           7.83315e+07                 249.4
2020-09-16T11:14:06.075         20.0      1.0e+13         1.46306e+08            553341           1.47215e+08                 201.6
2020-09-17T07:45:04.459         20.0      5.0e+12         7.80492e+07            249995           7.83314e+07                 250.6
2020-09-17T08:07:50.591         20.0      5.0e+12         7.80489e+07            250350           7.83316e+07                 251.4
2020-09-17T08:26:31.824         20.0      5.0e+12         7.80492e+07            250017           7.83313e+07                 250.2                   3.7                   0                0             1461
2020-09-17T11:05:19.827         20.0      5.0e+12         7.80489e+07            250347           7.83311e+07                 253.3                   3.7                   0                0             1463
2020-09-17T11:10:50.968         20.0      5.0e+12         7.80497e+07            249520           7.83313e+07                 252.8                   3.7                   0                0             1462
2020-09-17T11:21:09.817         20.0      5.0e+12         7.80481e+07            251139           7.8331e+07                 252.9                   3.7                   0                0             1462
2020-09-17T11:31:10.330         20.0      5.0e+12         7.8049e+07            250285           7.83315e+07                 250.0                   3.7                   0                0             1466
2020-09-17T11:38:40.137         20.0      5.0e+12         7.80484e+07            250821           7.83312e+07                 248.6                   3.7                   0                0             1476
2020-09-17T11:45:15.039         20.0      5.0e+12         7.80485e+07            250688           7.83314e+07                 253.0                   3.7                   0                0             1469
2020-09-17T11:57:20.722         20.0      1.0e+11         1.47659e+06              1006           1.4782e+06                  47.2                   0.1                   0                0               31
2020-09-17T12:03:50.712          5.0      1.0e+11         1.39599e+06             25978           1.42273e+06                  47.4                   0.1                   0                0               33
2020-09-17T13:11:43.907         20.0      5.0e+12         7.80483e+07            250923           7.83312e+07                 250.8                   3.7                   0                0             1473
2020-09-17T13:17:53.257         20.0      5.0e+12         7.80493e+07            249892           7.83314e+07                 254.0                   3.7                   0                0             1464
2020-09-17T13:27:50.778         20.0      5.0e+12         7.80490e+07            250193           7.83317e+07                 253.2                   3.7                   0                0             1467
2020-09-17T13:33:20.255         20.0      1.0e+11         1.47658e+06              1013           1.47817e+06                  48.5                   0.1                   0                0               30
2020-09-17T13:36:19.217         20.0      1.0e+11         1.47652e+06              1075           1.47813e+06                  47.5                   0.1                   0                0               30
2020-09-17T13:40:53.918         20.0      1.0e+11         1.47655e+06              1041           1.47813e+06                  48.5                   0.1                   0                0               30
2020-09-21T09:48:06.703         20.0      1.0e+11         1.47658e+06              1012           1.47816e+06                  87.3                   0.1                   0                0               30
2020-09-21T09:51:27.266         20.0      1.0e+11         1.47657e+06              1019           1.4782e+06                  88.2                   0.1                   0                0               30
2020-09-21T10:01:21.664         20.0      1.0e+11         1.47656e+06              1037           1.47818e+06                  89.8                   0.1                   0                0               30
2020-09-21T11:38:36.56         20.0      1.0e+11         1.47657e+06              1020           1.47815e+06                  87.7                   0.1                   0                0               31
2020-09-21T12:06:29.76         20.0      5.0e+11         7.70174e+06             12386           7.71714e+06                 114.5                   0.3                   0                0              148
2020-09-21T12:14:07.569         20.0      1.0e+11         1.47659e+06               999           1.47813e+06                  87.3                   0.1                   0                0               30
2020-09-21T12:18:09.251         20.0      1.0e+11         1.47654e+06              1051           1.47814e+06                  85.5                   0.1                   0                0               30
2020-09-21T12:21:40.065         20.0      1.0e+11         1.47653e+06              1060           1.47815e+06                  85.1                   0.1                   0                0               31
2020-09-21T12:28:01.403         20.0      1.0e+11         1.47658e+06              1013           1.47816e+06                  85.2                   0.1                   0                0               30
2020-09-21T12:30:52.471         20.0      1.0e+11         1.47656e+06              1035           1.47812e+06                  88.9                   0.1                   0                0               30
2020-09-21T13:00:34.249         20.0      1.0e+11         1.47654e+06              1057           1.4782e+06                  89.3                   0.1                   0                0               30
2020-09-21T13:05:52.983         20.0      1.0e+11         1.47652e+06              1078           1.47817e+06                  88.6                   0.1                   0                0               30
2020-09-21T13:10:10.76         20.0      1.0e+11         1.47658e+06              1015           1.47816e+06                  86.7                   0.1                   0                0               30
2020-09-21T13:13:41.614         20.0      1.0e+11         1.47659e+06              1002           1.47815e+06                  83.5                   0.1                   0                0               31
2020-09-21T13:17:41.972         20.0      1.0e+11         1.47659e+06              1001           1.47814e+06                  84.8                   0.1                   0                0               30
2020-09-21T13:25:24.73         20.0      1.0e+11         1.47658e+06              1013           1.47818e+06                  86.6                   0.1                   0                0               32
2020-09-21T13:31:16.671         20.0      1.0e+11         1.47659e+06              1007           1.47815e+06                  85.8                   0.1                   0                0               30
2020-09-21T13:46:57.321         20.0      1.0e+12         1.55128e+07             33526           1.55527e+07                 265.4                   0.7                   0                0              295
2020-09-21T15:11:00.154         20.0      1.0e+11         1.47657e+06              1028           1.47818e+06                 143.0                   0.1                   0                0               31
2020-09-21T15:26:11.264         20.0      1.0e+11         1.47663e+06               967           1.47816e+06                 131.7                   0.1                   0                0               30
