            Time of run      Threads   Elapsed time (s)      Tau_max             Packets           Destroyed             Escaped         Scatterings                Mean J                 Min J                 Max J          SNR
--------------------------------------------------------------------------------------------------------------------------------------------------------------------------------------------------------------------------------------
2020-10-05T17:04:38.615           16              284.4          5.0                   0                   0                   0                   0                   0.0                     0                     0          0.0
2020-10-05T17:22:58.943           16              284.7          5.0                   0                   0                   0                   0                   0.0                     0                     0          0.0
2020-10-05T17:31:58.447            4              218.7          5.0                   0                   0                   0                   0                   0.0                     0                     0          0.0
2020-10-08T12:17:59.741            8             1436.2         50.0           997789640           996706031             1083609           998115839                  16.9                     0                  7331          2.6
2020-10-08T14:57:14.956            8              262.3         50.0            99619845            99545604               74241            99652658                   1.4                     0                   730          1.7
2020-10-08T15:28:39.258            8              182.1         50.0            99619845            99544926               74919            99652459                   1.4                     0                   735          2.0
2020-10-09T10:47:28.025            8              347.0         50.0            99619845            99545108               74737            99652611                   1.4                     0                   733          1.7
2020-10-10T11:22:11.722            8             2432.1         50.0           997789640           996705192             1084448           998116131                  16.9                     0                  7329          2.6
2020-10-10T16:39:24.026            8              440.3         50.0            99619845            99545346               74499            99652514                   1.4                     0                   733          1.7
2020-10-10T16:46:10.794            8              450.5         50.0            99619845            99545116               74729            99652464                   1.4                     0                   736          1.7
2020-10-10T16:53:25.391            8              459.8         50.0            99619845            99545399               74446            99652325                   1.4                     0                   734          2.0
2020-10-10T17:22:37.316            8             4524.7         50.0           997789640           996702899             1086741           998116913                  16.9                     0                  7324          2.6
 2020-10-10T18:47:52.39            8             5158.6         30.0           997877063           995693511             2183552           998213563                  24.4                     0                  8309          3.2
2020-10-10T18:47:58.426            8            39347.5         30.0          9980937774          9958173766            22764008          9984297002                 253.5                     1                 83076          5.7
 2020-10-11T17:14:35.64            8              504.6         50.0            99619845            99544965               74880            99652501                   1.4                     0                   731          1.7
2020-10-11T17:41:57.782            8              495.1         50.0            99619845            99544952               74893            99652393                   1.4                     0                   733          2.0
2020-10-11T18:00:28.616            8              461.7         50.0            99619845            99545146               74699            99652358                   1.4                     0                   737          1.7
2020-10-11T17:38:34.958            8             3890.1         50.0           997789640           996705725             1083915           998116088                  16.9                     0                  7318          2.6
2020-10-11T22:18:01.991            8             5073.8         15.0           997750667           991594725             6155942           998083218                  51.5                     0                 10345          4.0
2020-10-11T22:19:13.483            8             5183.2         20.0           997773164           993833609             3939555           998110243                  36.4                     0                  9514          3.5
2020-10-11T22:17:40.287            8             7457.6         10.0           997902477           985955581            11946896           998216964                  91.1                     3                 11605          4.8
2020-10-12T07:56:42.341            8             1102.9         50.0            99619845            99544999               74846            99652271                   1.4                     0                   732          1.7
2020-10-12T08:17:39.251            8             4795.2         20.0           997773164           993831787             3941377           998111480                  36.4                     0                  9521          3.5
2020-10-11T22:55:09.399            8            45498.8         20.0          9979899524          9939519508            40380016          9983277433                 374.9                     5                 95195          7.0
2020-10-12T08:17:46.343            8            14964.2         15.0           997750667           991595164             6155503           998084635                  51.5                     1                 10320          4.1
 2020-10-12T12:33:12.81            8             1427.9         50.0            99619940            99545713               74227            99652594                   1.4                     0                   736          1.7
2020-10-12T08:22:36.153            8            19986.4         10.0           997902446           985956189            11946257           998217281                  91.1                     3                 11601          4.8
2020-10-12T08:24:10.423            8            37986.9          5.0           997643270           963681731            33961539           997895140                 242.9                    25                 11344          6.4
2020-10-12T22:19:22.888            8             4073.6          5.0            99548053            96249408             3298645            99573170                  23.2                     0                  1135          3.2
 2020-10-13T11:51:53.87            8              482.9         50.0            99619940            99545713               74227            99652594                   1.4                     0                   736          1.7
2020-10-13T15:10:14.547            1            16944.2         20.0           997772833           993834192             3938641           998110509                  36.4                     0                  9533          3.6
  2020-10-13T20:31:33.3            1             1653.1         50.0            99619940            99545162               74778            99652542                   1.4                     0                   730          1.7
2020-10-13T20:52:32.534            8              512.1         50.0             9997199             9986175               11024            10000479                  14.3                     0                  5186          2.2
2020-10-13T21:03:14.293            8               48.4         50.0             9997199             9986175               11024            10000479                  14.3                     0                  5186          2.2
